name: pindel
channels:
  - bioconda
  - conda-forge
  - defaults
dependencies:
  - _libgcc_mutex=0.1=conda_forge
  - _openmp_mutex=4.5=2_gnu
  - bcftools=1.17=h3cc50cf_1
  - breakdancer=1.4.5=pl5321h264e753_11
  - bzip2=1.0.8=h7f98852_4
  - c-ares=1.19.1=hd590300_0
  - ca-certificates=2023.7.22=hbcca054_0
  - expat=2.5.0=hcb278e6_1
  - font-ttf-dejavu-sans-mono=2.37=hab24e00_0
  - font-ttf-inconsolata=3.000=h77eed37_0
  - font-ttf-source-code-pro=2.038=h77eed37_0
  - font-ttf-ubuntu=0.83=hab24e00_0
  - fontconfig=2.14.2=h14ed4e7_0
  - fonts-conda-ecosystem=1=0
  - fonts-conda-forge=1=0
  - freetype=2.12.1=hca18f0e_1
  - giflib=5.2.1=h0b41bf4_3
  - gsl=2.7=he838d99_0
  - htslib=1.17=h81da01d_2
  - icu=72.1=hcb278e6_0
  - keyutils=1.6.1=h166bdaf_0
  - krb5=1.21.1=h659d440_0
  - lerc=4.0.0=h27087fc_0
  - libblas=3.9.0=17_linux64_openblas
  - libcblas=3.9.0=17_linux64_openblas
  - libcurl=8.2.1=hca28451_0
  - libdeflate=1.18=h0b41bf4_0
  - libedit=3.1.20191231=he28a2e2_2
  - libev=4.33=h516909a_1
  - libexpat=2.5.0=hcb278e6_1
  - libgcc-ng=13.1.0=he5830b7_0
  - libgd=2.3.3=hfa28ad5_6
  - libgfortran-ng=13.1.0=h69a702a_0
  - libgfortran5=13.1.0=h15d22d2_0
  - libgomp=13.1.0=he5830b7_0
  - libjpeg-turbo=2.1.5.1=h0b41bf4_0
  - libnghttp2=1.52.0=h61bc06f_0
  - libnsl=2.0.0=h7f98852_0
  - libopenblas=0.3.23=pthreads_h80387f5_0
  - libpng=1.6.39=h753d276_0
  - libssh2=1.11.0=h0841786_0
  - libstdcxx-ng=13.1.0=hfd8a6a1_0
  - libtiff=4.5.1=h8b53f26_0
  - libuuid=2.38.1=h0b41bf4_0
  - libwebp=1.3.1=hbf2b3c1_0
  - libwebp-base=1.3.1=hd590300_0
  - libzlib=1.2.13=hd590300_5
  - ncurses=6.4=hcb278e6_0
  - openssl=3.1.2=hd590300_0
  - perl=5.32.1=4_hd590300_perl5
  - perl-exporter-tiny=1.002002=pl5321hdfd78af_0
  - perl-gd=2.76=pl5321h5b5514e_1
  - perl-gdgraph=1.54=pl5321hdfd78af_1
  - perl-gdgraph-histogram=1.1=pl5321hdfd78af_4
  - perl-gdtextutil=0.86=pl5321h031d066_8
  - perl-list-moreutils=0.430=pl5321hdfd78af_0
  - perl-list-moreutils-xs=0.430=pl5321h031d066_2
  - perl-math-cdf=0.1=pl5321h031d066_9
  - perl-statistics-descriptive=3.0801=pl5321hdfd78af_0
  - pindel=0.2.5b9=h84372a0_10
  - samtools=1.17=hd87286a_1
  - xz=5.2.6=h166bdaf_0
  - zlib=1.2.13=hd590300_5
  - zstd=1.5.2=hfc55251_7
prefix: /projects/ag-fbz/rnkouame/software/miniconda3/envs/pindel
