name: survivor
channels:
  - bioconda
  - conda-forge
  - defaults
dependencies:
  - _libgcc_mutex=0.1=conda_forge
  - _openmp_mutex=4.5=2_gnu
  - _py-xgboost-mutex=2.0=cpu_0
  - bcftools=1.17=h3cc50cf_1
  - bzip2=1.0.8=h7f98852_4
  - c-ares=1.19.1=hd590300_0
  - ca-certificates=2024.2.2=hbcca054_0
  - gsl=2.7=he838d99_0
  - htslib=1.17=h81da01d_2
  - joblib=1.4.0=pyhd8ed1ab_0
  - keyutils=1.6.1=h166bdaf_0
  - krb5=1.21.1=h659d440_0
  - ld_impl_linux-64=2.40=h41732ed_0
  - libblas=3.9.0=17_linux64_openblas
  - libcblas=3.9.0=17_linux64_openblas
  - libcurl=8.2.1=hca28451_0
  - libdeflate=1.18=h0b41bf4_0
  - libedit=3.1.20191231=he28a2e2_2
  - libev=4.33=h516909a_1
  - libexpat=2.6.2=h59595ed_0
  - libffi=3.4.2=h7f98852_5
  - libgcc-ng=13.1.0=he5830b7_0
  - libgfortran-ng=13.1.0=h69a702a_0
  - libgfortran5=13.1.0=h15d22d2_0
  - libgomp=13.1.0=he5830b7_0
  - liblapack=3.9.0=17_linux64_openblas
  - libnghttp2=1.52.0=h61bc06f_0
  - libnsl=2.0.1=hd590300_0
  - libopenblas=0.3.23=pthreads_h80387f5_0
  - libsqlite=3.45.2=h2797004_0
  - libssh2=1.11.0=h0841786_0
  - libstdcxx-ng=13.1.0=hfd8a6a1_0
  - libuuid=2.38.1=h0b41bf4_0
  - libxcrypt=4.4.36=hd590300_1
  - libxgboost=2.0.3=cpu_hce603c2_3
  - libzlib=1.2.13=hd590300_5
  - ncurses=6.4.20240210=h59595ed_0
  - numpy=1.26.4=py312heda63a1_0
  - openssl=3.2.1=hd590300_1
  - pandas=2.2.2=py312hfb8ada1_0
  - perl=5.32.1=4_hd590300_perl5
  - pip=24.0=pyhd8ed1ab_0
  - py-xgboost=2.0.3=cpu_pyh43b6f25_3
  - python=3.12.3=hab00c5b_0_cpython
  - python-dateutil=2.9.0=pyhd8ed1ab_0
  - python-tzdata=2024.1=pyhd8ed1ab_0
  - python_abi=3.12=4_cp312
  - pytz=2024.1=pyhd8ed1ab_0
  - readline=8.2=h8228510_1
  - samtools=1.17=hd87286a_1
  - scikit-learn=1.4.2=py312h394d371_0
  - scipy=1.13.0=py312heda63a1_0
  - setuptools=69.5.1=pyhd8ed1ab_0
  - six=1.16.0=pyh6c4a22f_0
  - survivor=1.0.7=hdcf5f25_4
  - threadpoolctl=3.4.0=pyhc1e730c_0
  - tk=8.6.13=noxft_h4845f30_101
  - tzdata=2024a=h0c530f3_0
  - wheel=0.43.0=pyhd8ed1ab_1
  - xgboost=2.0.3=cpu_pyhc1a9e11_3
  - xz=5.2.6=h166bdaf_0
  - zlib=1.2.13=hd590300_5
  - zstd=1.5.2=hfc55251_7
prefix: /projects/ag-fbz/rnkouame/software/miniconda3/envs/survivor
