name: sv_meca
channels:
  - bioconda
  - conda-forge
  - defaults
dependencies:
  - _libgcc_mutex=0.1=conda_forge
  - _openmp_mutex=4.5=2_gnu
  - bamkit=16.07.26=py_0
  - bcftools=1.16=hfe4b78e_1
  - bedtools=2.30.0=h468198e_3
  - blas=1.1=openblas
  - boost-cpp=1.74.0=h9359b55_0
  - breakdancer=1.4.5=pl5321h360a1d4_10
  - bzip2=1.0.8=h7f98852_4
  - c-ares=1.18.1=h7f98852_0
  - ca-certificates=2022.12.7=ha878542_0
  - certifi=2019.11.28=py27h8c360ce_1
  - curl=7.87.0=h6312ad2_0
  - cytoolz=0.10.1=py27h516909a_0
  - delly=1.1.6=ha41ced6_0
  - duphold=0.1.4=0
  - expat=2.5.0=h27087fc_0
  - fontconfig=2.14.1=hc2a2eb6_0
  - freetype=2.12.1=hca18f0e_1
  - gawk=5.1.0=h7f98852_0
  - giflib=5.2.1=h36c2ea0_2
  - gsl=2.7=he838d99_0
  - gsort=0.1.4=h9ee0642_1
  - htslib=1.16=h6bc39ce_0
  - icu=67.1=he1b5a44_0
  - jpeg=9e=h166bdaf_2
  - keyutils=1.6.1=h166bdaf_0
  - krb5=1.20.1=hf9c8cef_0
  - ld_impl_linux-64=2.39=hcc3a1bd_1
  - ldc=1.28.1=hcf88599_0
  - libblas=3.9.0=16_linux64_openblas
  - libcblas=3.9.0=16_linux64_openblas
  - libcurl=7.87.0=h6312ad2_0
  - libdeflate=1.13=h166bdaf_0
  - libedit=3.1.20191231=he28a2e2_2
  - libev=4.33=h516909a_1
  - libffi=3.2.1=he1b5a44_1007
  - libgcc-ng=12.2.0=h65d4601_19
  - libgd=2.3.3=h695aa2c_1
  - libgfortran=3.0.0=1
  - libgfortran-ng=12.2.0=h69a702a_19
  - libgfortran5=12.2.0=h337968e_19
  - libgomp=12.2.0=h65d4601_19
  - liblapack=3.9.0=16_linux64_openblas
  - libllvm12=12.0.1=hf817b99_2
  - libnghttp2=1.51.0=hdcd2b5c_0
  - libnsl=2.0.0=h7f98852_0
  - libopenblas=0.3.21=h043d6bf_0
  - libpng=1.6.39=h753d276_0
  - libsqlite=3.40.0=h753d276_0
  - libssh2=1.10.0=haa6b8db_3
  - libstdcxx-ng=12.2.0=h46fd767_19
  - libtiff=4.2.0=hbd63e13_2
  - libuuid=2.32.1=h7f98852_1000
  - libwebp=1.2.0=h3452ae3_0
  - libwebp-base=1.2.0=h7f98852_2
  - libzlib=1.2.13=h166bdaf_4
  - lumpy-sv=0.3.1=hdfd78af_3
  - lumpy-sv-minimal=0.3.1=hea94271_1
  - lz4-c=1.9.3=h9c3ff4c_1
  - mosdepth=0.3.3=hdfd78af_1
  - ncurses=6.3=h27087fc_1
  - numpy=1.16.5=py27h95a1406_0
  - openblas=0.3.3=ha44fe06_1
  - openssl=1.1.1s=h0b41bf4_1
  - perl=5.32.1=2_h7f98852_perl5
  - perl-exporter-tiny=1.002002=pl5321hdfd78af_0
  - perl-gd=2.76=pl5321h5b5514e_1
  - perl-gdgraph=1.54=pl5321hdfd78af_1
  - perl-gdgraph-histogram=1.1=pl5321hdfd78af_4
  - perl-gdtextutil=0.86=pl5321hec16e2b_7
  - perl-list-moreutils=0.430=pl5321hdfd78af_0
  - perl-list-moreutils-xs=0.430=pl5321hec16e2b_1
  - perl-math-cdf=0.1=pl5321hec16e2b_7
  - perl-statistics-descriptive=3.0800=pl5321hdfd78af_0
  - pindel=0.2.5b9=h28e74a2_8
  - pip=20.1.1=pyh9f0ad1d_0
  - pysam=0.20.0=py27h7835474_0
  - python=2.7.15=h5a48372_1010_cpython
  - python_abi=2.7=1_cp27mu
  - pytoml=0.1.21=py_0
  - readline=8.1.2=h0f457ee_0
  - sambamba=0.8.2=h98b6b92_2
  - samblaster=0.1.26=h9f5acd7_2
  - samtools=1.16.1=h6899075_1
  - scipy=1.2.0=py27_blas_openblashb06ca3d_200
  - setuptools=44.0.0=py27_0
  - smoove=0.2.8=h9ee0642_1
  - sqlite=3.40.0=h4ff8645_0
  - survivor=1.0.7=hd03093a_2
  - svtools=0.1.1=py27_2
  - svtyper=0.7.1=py_0
  - tardis=1.0.19=py27h53fee03_1
  - tk=8.6.12=h27826a3_0
  - toolz=0.10.0=py_0
  - util-linux=2.35=py27h65e512c_0
  - wheel=0.37.1=pyhd8ed1ab_0
  - xz=5.2.6=h166bdaf_0
  - zlib=1.2.13=h166bdaf_4
  - zstd=1.4.9=ha95c52a_0
prefix: /home/rudel/miniconda3/envs/sv_meca
